Ideal BER: [8.08128125e-02 3.92648438e-02 1.33034375e-02 2.62031250e-03
 2.25781250e-04 5.62500000e-06 0.00000000e+00 0.00000000e+00
 0.00000000e+00 0.00000000e+00]

IQ imbalance BER: [8.60290625e-02 4.49581250e-02 1.80643750e-02 5.05031250e-03
 8.14843750e-04 5.04687500e-05 1.09375000e-06 0.00000000e+00
 0.00000000e+00 0.00000000e+00]

Predistortion BER: [8.09104688e-02 3.93371875e-02 1.33367188e-02 2.63234375e-03
 2.27031250e-04 5.62500000e-06 0.00000000e+00 0.00000000e+00
 0.00000000e+00 0.00000000e+00]

BLSTM BER: [9.28317188e-02 4.82362500e-02 1.82954687e-02 4.35093750e-03
 5.09531250e-04 1.75000000e-05 1.56250000e-07 0.00000000e+00
 0.00000000e+00 0.00000000e+00]