Ideal BER: [0.28505328 0.23906766 0.18824    0.13761453 0.09107797 0.05451078
 0.02995281 0.01576969 0.00882016 0.00472453]

IQ imbalance BER: [0.28828891 0.24335297 0.19437344 0.14407422 0.09807422 0.06070422
 0.03428422 0.0184925  0.01015    0.00562172]

Predistortion BER: [0.28543016 0.23935266 0.18903203 0.13820969 0.09184125 0.05444266
 0.02999719 0.01588828 0.00851563 0.00492313]

BLSTM BER: [0.28510031 0.23975047 0.18940484 0.13818641 0.09219531 0.05498219
 0.03030813 0.0159775  0.00869844 0.00487969]