Ideal BER: [8.2496250e-02 4.0551250e-02 1.4054375e-02 2.8212500e-03 2.6250000e-04
 1.0000000e-05 0.0000000e+00 0.0000000e+00 0.0000000e+00 0.0000000e+00]

IQ imbalance BER: [9.1688125e-02 5.0687500e-02 2.2564375e-02 7.4175000e-03 1.5537500e-03
 1.6187500e-04 6.8750000e-06 0.0000000e+00 0.0000000e+00 0.0000000e+00]

Predistortion BER: [8.2688125e-02 4.0658750e-02 1.4128125e-02 2.8400000e-03 2.6312500e-04
 1.0000000e-05 0.0000000e+00 0.0000000e+00 0.0000000e+00 0.0000000e+00]

BLSTM BER: [1.06805625e-01 5.93618750e-02 2.48993750e-02 6.90500000e-03
 1.06125000e-03 8.00000000e-05 1.25000000e-06 0.00000000e+00
 0.00000000e+00 0.00000000e+00]