Ideal BER: [0.2854825  0.23990375 0.18820375 0.13694375 0.09173125 0.053485
 0.02990687 0.01556313 0.0081325  0.00483875]

IQ imbalance BER: [0.29042875 0.24683188 0.197585   0.14848438 0.10286188 0.06499375
 0.03808687 0.02044125 0.01178562 0.00620687]

Predistortion BER: [0.28643687 0.23938313 0.18932437 0.13943687 0.09071125 0.05387687
 0.02991813 0.01595062 0.0086575  0.00512313]

BLSTM BER: [0.2854325  0.23988313 0.1896975  0.139745   0.09217    0.05570625
 0.03063125 0.01611    0.0091325  0.00487875]